3 0.4635011528091635 0.5067889717130748 0.027697364944434356 0.02949220190021928
4 0.7217462610513646 0.3545317166975023 0.011603034265533978 0.03139829777507392
4 0.7682935136783291 0.32392910239960354 0.015280624926381136 0.03881060987304025
4 0.6937488903879703 0.3729330633114235 0.009598099882513082 0.02707562738264173
4 0.9039864696693019 0.40482941641982556 0.028835218417682 0.05570469304359382
4 0.509144755269519 0.4181370240302087 0.0038977402392841045 0.016885845489461863
4 0.550155680314103 0.4181306885979516 0.004406097581568744 0.01688723082524992
4 0.47495041188905845 0.4181423019562887 0.004102313649033533 0.01688469139421097
4 0.6175450133365199 0.4709066203184608 0.005279197740295913 0.01625555661171679
4 0.25288009862415706 0.38437508589455577 0.009674684517846935 0.024438690836209247
4 0.28290030388543863 0.3984046470249018 0.008040263897664239 0.02125879739534881
4 0.22070689761881582 0.3693365104232622 0.011567493056665405 0.027912532732000842
4 0.32028053189320516 0.46997012947948047 0.00625273207671782 0.01679090936714393
4 0.2659532733883736 0.18405351846339396 0.025769691837746755 0.07623020406227603
4 0.10799319813295809 0.18414788673353077 0.03328992622965082 0.07620300689808895
4 0.3976586222896097 0.18397479082980167 0.0194959792778419 0.07625289556746068
