3 0.4635021602340539 0.5068450332038982 0.027696378085030064 0.02949157050670465
4 0.7217392544084993 0.3545965070901859 0.01160139485079398 0.03139638303031902
4 0.7682832514199939 0.32399691914928863 0.015278130053479657 0.03880774312674973
4 0.6937435431126275 0.3729962318027752 0.009596878144677561 0.0270741857856369
4 0.9039754419258048 0.4048958011333191 0.028830241989298743 0.05570188662523582
4 0.5091445865825263 0.41819684512873734 0.003897642606739069 0.01688526695368078
4 0.5501547844939327 0.41819050765215127 0.004405865402208704 0.016886652227476966
4 0.4749508551856916 0.4182021247582499 0.004102164887326225 0.01688411291006498
4 0.6175440338189638 0.4709652325830503 0.005278806908772821 0.016255307281442033
4 0.252886289779193 0.38443734605408014 0.009673343530094166 0.024437506730188307
4 0.2829050816534096 0.3984658376109799 0.008039249025362273 0.021257892701207957
4 0.22071480691879075 0.36940001285129825 0.011565744479670634 0.02791100380214748
4 0.3202820714588871 0.4700288517759361 0.006252131695810305 0.016790643275818317
4 0.2659693590407234 0.18414045794103326 0.02576460715136026 0.07622007000115313
4 0.10802010657557458 0.18423481986425316 0.03328208594045652 0.07619287904426594
4 0.3976656790613561 0.18406173560987826 0.01949319390740122 0.07624275632589686
