3 0.33240567744969723 0.5073721738306602 0.04284925541240789 0.016377543519776907
3 0.3042881318518677 0.5234635970619599 0.10038507219084508 0.07742105057298393
4 0.5662094060685705 0.45708589405279476 0.0024530098842474504 0.008728547422729301
4 0.56984972254043 0.45470045154538025 0.0026128615363143126 0.00922374096599602
4 0.5634529408421368 0.4588921043245447 0.002333721055855662 0.008354727431288799
4 0.5759019886374634 0.4827668544732241 0.002929057482802335 0.009898113721701993
4 0.5037129486910193 0.4652856698675793 0.0016560238897922375 0.00703924128671891
4 0.5214120590078081 0.46528642114171553 0.001750743313519436 0.007039117524647433
4 0.48895886265569083 0.465285043629008 0.001693550945101805 0.007039344456375905
4 0.5503968339621241 0.48808829185706637 0.001917448960378394 0.006913241662522296
4 0.41338182147949465 0.4601856401555482 0.0024015131512047107 0.008087358062895001
4 0.4173636327948674 0.4620461879684202 0.0022676198517756064 0.0077040434444038885
4 0.4097575963769063 0.45849214266522814 0.002525336729150354 0.008437156294361425
4 0.42373018833569964 0.48791251282424963 0.002083384456533963 0.007010880996766578
4 0.46139927290473154 0.44869810194814724 0.0027063340111043743 0.010477086825075333
4 0.43538069944144 0.4486965794015081 0.002911265796945841 0.010477361391470291
4 0.4830804206401443 0.4486993694853046 0.0025355732775718563 0.010476858281012842
4 0.39308831860490884 0.4822764430617776 0.0032508761117669136 0.010173437074343686
