3 0.1690901721784894 0.5125285936719829 0.09640809238119172 0.03276655691508788
3 0.4797826358423296 0.5030376016101504 0.015798168169667264 0.017542552722158575
4 0.6302665071112944 0.41329137805386834 0.005661680970587284 0.017727844356962286
4 0.6451332295393246 0.403521745232804 0.006522240425240398 0.019889618058901704
4 0.6200189341214335 0.42002483599274776 0.005094138088043749 0.016254563449778582
4 0.6763754900919136 0.4574264302545214 0.008597506772374999 0.02342603525105242
4 0.5061639601724104 0.4401803656005818 0.00277779135559193 0.011925907819804706
4 0.5356171150411185 0.4401819657508464 0.0030405959249056023 0.011925552705738482
4 0.481606247490661 0.4401790316357937 0.002884082467258722 0.011926203854693729
4 0.58391390526526 0.4781105564443368 0.0034939119972598577 0.011588421761155605
4 0.3405307406689468 0.4245404878264267 0.005246005592972978 0.015274309018293337
4 0.3535339034958235 0.4306176149953271 0.0046828183029317925 0.013964538521527316
4 0.32778769180328493 0.41858446435440705 0.005821200765562153 0.016568734800866167
4 0.37177040588817556 0.4776203843865179 0.003979397396833661 0.011865377203755164
4 0.4065657255407383 0.373297304239115 0.007594383787862285 0.026758832921918742
4 0.34361594935336653 0.3732897755092016 0.008796206308277306 0.02676061459156846
4 0.4590179826252874 0.3733035704780649 0.006593090158697308 0.026757349999304125
4 0.24212455551815978 0.45467308480117746 0.010709144530109712 0.025027802618897206
