3 0.26276477509905216 0.5097110905535336 0.06425450891407315 0.023284600693047063
4 0.5935422418125014 0.43855296055248005 0.0037198124699468595 0.0125039474433594
4 0.6009756551638081 0.433675175062747 0.004089416676237221 0.013544472657372448
4 0.5881340527627171 0.44210159820492057 0.0034577943928317725 0.011751427047895788
4 0.6147592879126412 0.4730725334617145 0.004876153945691115 0.015075114452002747
4 0.5048410284135506 0.4537546028273766 0.0021792510730072935 0.00930677249159885
4 0.5280463969066271 0.4537558167488697 0.0023416841510392316 0.009306533200640671
4 0.4854948480804797 0.45375359090962697 0.0022443913279713 0.009306971964875666
4 0.5660741642803798 0.4836448856354004 0.002624297958908457 0.009095047146620629
4 0.38105554879856257 0.44457081849205965 0.0035665737586008106 0.011229911335211397
4 0.3884382095450337 0.4480198544025887 0.0032867251565527056 0.010504680538746243
4 0.37411193158037676 0.44132675799992227 0.003836812086002155 0.011915291252665933
4 0.39949480630507916 0.48334187654904887 0.0029165238341028045 0.00926494948635612
4 0.440684371042386 0.42033798093753816 0.004404530500229313 0.016425772962824207
4 0.40072715024102196 0.42033445539612624 0.004886809438906923 0.016426518279435764
4 0.47397944224731775 0.42034091584196126 0.004002694570196823 0.016425152531165377
4 0.33596550086774946 0.47193468729090626 0.005670564295151621 0.015723502635599403
