3 0.298570561352593 0.5081854375294625 0.05296856296593169 0.01970025872277868
4 0.5794522209850845 0.4477630539493428 0.0030492131513376107 0.010550736337885952
4 0.5847565423756261 0.44428384337709415 0.0032969364522119804 0.011282551749302362
4 0.5755128381658368 0.4503468631526489 0.002868845544074361 0.01000960335597199
4 0.5940820723364644 0.47789213340447856 0.0038031817012126367 0.012316365347997002
4 0.5042486967048309 0.4591595108438348 0.0019195377091520526 0.008179042453028747
4 0.5247259514260384 0.45916040780037376 0.0020460105888380296 0.00817883756172686
4 0.4871777204944804 0.45915876313599485 0.00196999896097978 0.008179213245957632
4 0.558270312612845 0.485538525222787 0.0022670694542219396 0.008012105178064246
4 0.3974074025133952 0.4521718590743836 0.00295698349016682 0.009628763526384887
4 0.40294331728574945 0.4547585087808565 0.002759188224640994 0.009090442369318339
4 0.3922864927429214 0.44977904597577784 0.0031438097126589783 0.010128528535696546
4 0.4114983603124623 0.48530404155195567 0.0024918345028360988 0.008143808862536257
4 0.4517291723146542 0.4351765616084356 0.0034741792782646288 0.013215469902270722
4 0.4192272505614568 0.43517420474672075 0.003793269272771127 0.013216005206108813
4 0.47881218210763593 0.4351785236572829 0.003208308823210828 0.013215024246706075
4 0.36647165045349966 0.4771341276741147 0.004316351431116772 0.012746184295625464
