3 0.2121303420993147 0.5106783666539625 0.0811617045259117 0.028388507271623478
4 0.6134103315986118 0.4243350648808996 0.004739314027293631 0.015311002798446367
4 0.624520020226782 0.41703679781411457 0.005340877096520487 0.016898972346488725
4 0.6055598579914956 0.4294918438866567 0.004329058091237315 0.01419862004500402
4 0.6465732183126772 0.46441713604478174 0.00670553389755895 0.01936683671903656
4 0.5055778150912951 0.44558058647423027 0.002516388711436548 0.010779406238784664
4 0.5323079919186694 0.4455820855720146 0.0027328658667317286 0.010779088227566262
4 0.48329151748518767 0.4455793368018249 0.0026036746037294022 0.010779671336040053
4 0.576123757708179 0.4800081858193185 0.0031072321951349834 0.010499241320393083
4 0.358730551416778 0.43300798868940926 0.0044646374401658305 0.013444746244176096
4 0.36902728635377585 0.43782054001591725 0.004043211651415035 0.012418901352491029
4 0.3488244194989186 0.4283777191008648 0.004884279490991616 0.014438301645467154
4 0.3838852461541113 0.4796048688674779 0.0035025107264565493 0.010726278197662207
4 0.42325754621639233 0.39574152355834297 0.0059752519422678315 0.021623795779150565
4 0.37156211086506913 0.3957358742772972 0.00678594238882404 0.021625073329863936
4 0.46633273134532977 0.395746226099704 0.005299813001444989 0.021622732330126033
4 0.2880196816269261 0.462535935421919 0.008086991722675095 0.020449837184888697
