3 0.46346749096880047 0.5004612159927025 0.02777528079419383 0.029874795765860634
4 0.7226116057832832 0.34690500695108234 0.011798861581521436 0.03163291247284652
4 0.7695586633241447 0.3159308294608312 0.015579194117081982 0.039161238970125634
4 0.6944103762896813 0.36550545035208293 0.009743879189210389 0.027252592145218746
4 0.9054052481691106 0.3970109727806349 0.029433485324516652 0.0560585041361053
4 0.5091644400889301 0.4111211977778419 0.0039096893078811945 0.016957552390106465
4 0.5502664820345922 0.41111482959878265 0.0044339516903981035 0.016958945227340698
4 0.47489343965666164 0.411126502982744 0.0041204492879007406 0.016956392046230773
4 0.6176754240651435 0.464043263292214 0.005325780950998365 0.01628842389007796
4 0.25210870109439765 0.37706183115589986 0.009834615321245686 0.024584279754941037
4 0.28230310023218075 0.3912223817018648 0.008161218783576523 0.02137031808682688
4 0.21972393942016943 0.3618710941858279 0.011776205037582876 0.028100145682755196
4 0.3200724855308073 0.4630955020694529 0.006324246380731715 0.016825908628025653
4 0.2639690030464675 0.17370732284516724 0.026385415551644975 0.0774694231811277
4 0.10467540012327435 0.1738033752062578 0.03423772512612086 0.0774414855594423
4 0.3967866447354709 0.17362718986531156 0.019834630790687483 0.0774927326491752
