3 0.2760650425677282 0.5091341031441726 0.06000275832487617 0.021952564898102007
4 0.5883464934254407 0.4419528991523894 0.0034668755734285385 0.011777542363143899
4 0.5949465765943615 0.43762256523078347 0.003787634503673232 0.012696479767233105
4 0.5835078299002007 0.4451273977195942 0.0032372087947216952 0.011107447794391684
4 0.6069523933388927 0.47488680455095106 0.004459777052116251 0.014028076506441778
4 0.5046491179628683 0.45569803176086165 0.0020852306530009202 0.008897913901614724
4 0.5268679824124407 0.4556989327606045 0.002234157302346631 0.008897712205912664
4 0.4861257806428628 0.45569728064934245 0.002144812272407606 0.008898082038677823
4 0.5632743707116087 0.4843183176544837 0.002493642542085226 0.008703046913935187
4 0.38708033395018504 0.4473503611142919 0.0033382820788445855 0.010640132855799985
4 0.3937560904393327 0.4504693041573071 0.0030905622547440716 0.009986770881756873
4 0.3808397481433339 0.44443462112398036 0.0035755520413264462 0.011253561332682599
4 0.40386592743448063 0.48404196265635563 0.002760184967744479 0.008858375748918755
4 0.4449120866002819 0.4259765341133289 0.004044383076790083 0.015195820017936228
4 0.40779332679223984 0.42597392999755695 0.004460505061577038 0.015196408638628563
4 0.47584229715209037 0.4259787016330741 0.0036976753852511735 0.015195330061186639
4 0.3475996496101969 0.47390386388873595 0.0051387994702167105 0.014587557360884962
