3 0.33024053335531606 0.509500360736616 0.037102838323156535 0.014132266032037346
3 0.41156235511931993 0.5134343590664213 0.03406462437081743 0.033235146547460584
4 0.5572916461598086 0.46605571646552185 0.0020722389339255898 0.007505384114290715
4 0.5599900409391584 0.4642909332769664 0.0021860025070890997 0.007868729046978539
4 0.555221476886538 0.46740959685731664 0.0019859537989332667 0.0072272623194254496
4 0.5642973128111265 0.48857509127171944 0.0024075731767963047 0.008354757950866466
4 0.42451606354165605 0.46839174661291216 0.0020409509114751503 0.0070258053816909674
4 0.4217728980487707 0.46711172600085565 0.0021305866019645237 0.007288367331357601
4 0.4675857992365727 0.4599665906041302 0.0022406672439437615 0.008762916202101774
4 0.44568102187638814 0.4599661191997154 0.0023876514108857093 0.008763007731385813
4 0.4858394422754003 0.4599669825893744 0.002118185014225702 0.008762840104326888
4 0.41002420899481373 0.48822931699760147 0.0026341129890290913 0.008549387778731064
