3 0.3081971817146488 0.5078437731739939 0.05002902312989185 0.01874059536488924
4 0.575650817149452 0.4503144435946795 0.0028753812778398212 0.010028816743166828
4 0.5804467100576635 0.4471693742567815 0.0030954993237120474 0.010687863536398083
4 0.5720692731747828 0.4526630693766619 0.002713973392302762 0.009538594615733302
4 0.5887505684117493 0.47920338755605824 0.003540856836957218 0.011608961808099802
4 0.5040758939428109 0.46075717234382957 0.0018462687224995733 0.007861740961500061
4 0.5237817466881112 0.46075823395676174 0.0019633890173317782 0.007861539115530244
4 0.4876481992274446 0.46075628743112096 0.0018929291349571997 0.007861909213202978
4 0.5560590990888932 0.4861437536364423 0.0021684827754599924 0.007706578124714364
4 0.4018910894200785 0.4543266194858785 0.002796413492595704 0.009192220803276523
4 0.4069639320189802 0.4566970363957273 0.002618190733921537 0.00870031361313977
4 0.39721989820439463 0.4521438233178098 0.0029637447459742107 0.009646681223295085
4 0.4148758705057304 0.48592539407421576 0.0023759766743823717 0.007828441857210749
4 0.4545401954992916 0.43902848902495656 0.0032449929541521526 0.012407407896213082
4 0.42393924810994377 0.4390259965015904 0.0035279190346668796 0.012407910947252958
4 0.48003917575521277 0.4390305643291015 0.003009254742681122 0.012406989068925517
4 0.3742491680423601 0.47852789858658656 0.003992997619310756 0.011990280302784317
