3 0.33698915334467894 0.5114244124140399 0.0379600983091693 0.014485015143111468
3 0.4004958461091323 0.5164922976062155 0.03971590952092619 0.03760346636719845
4 0.5588959596634023 0.4667482514761744 0.0021428286051611424 0.007722038652399116
4 0.5617526405988434 0.46488139773957055 0.0022644863600577024 0.00810716865856629
4 0.5567094955439766 0.46817707701223393 0.0020508298684273284 0.007427964716890472
4 0.566362107838046 0.4898479711176578 0.002502595157131253 0.008627434111547245
4 0.42250274956905337 0.4692114831796383 0.0021090739656055746 0.007215422975482018
4 0.41960960390570834 0.46786264998022015 0.00220469569420537 0.007492606700065115
4 0.46650048870126604 0.460285576995632 0.0023236574410420018 0.009059629062760829
4 0.4438725680649763 0.4602850084223247 0.002481600149171257 0.009059744047655159
4 0.48535666467017663 0.4602860498956572 0.002192044485607383 0.00905953343145626
4 0.4070278604305487 0.4894799867745029 0.002746480956605737 0.008835238561341233
