3 0.3169963776715318 0.5074655829161059 0.047381549366265006 0.017866959538398154
4 0.5722032689435358 0.45257479861455463 0.0027192301827483334 0.009554708121243892
4 0.5765593011178632 0.44971872454550665 0.0029159410890238747 0.0101511428285833
4 0.5689337742805352 0.4547183950091596 0.0025740562642648256 0.009108664095445439
4 0.5839927349997942 0.48031276813513085 0.003310468293369695 0.010976460546964878
4 0.5039335449383965 0.4621767214415336 0.0017782385533646305 0.007567244332943422
4 0.5229217335596269 0.46217795565376074 0.0018869673305617596 0.007567060723506434
4 0.4881043612912309 0.46217569270652953 0.0018214587857759313 0.007567397383253838
4 0.5540203708750981 0.4866401467656048 0.0020776360037629616 0.007422613151889455
4 0.4060308440828523 0.4562402617562903 0.0026512109972060926 0.00879222997071982
4 0.41069493153939296 0.4584199306727546 0.0024899247748169273 0.008341115031233054
4 0.40175402103768676 0.45424152212978774 0.0028018104623442498 0.009207149539446012
4 0.41803381969511605 0.48643565927377513 0.0022696594757059072 0.007535572758072912
4 0.45706699872343554 0.44240008473786363 0.0030431725763894234 0.011690151903904962
4 0.4281626744124838 0.4423974995212459 0.0032955787000614124 0.011690590337471274
4 0.48115236425133795 0.44240223747127894 0.0028328616452746756 0.011689786879150385
4 0.3812119100407754 0.4797061779955637 0.003711554820436902 0.01131670461654276
