3 0.3416762889322118 0.5116232515102885 0.03925124151755348 0.015074579497373482
3 0.38165579133112426 0.5186112343140107 0.05000251933285384 0.04514537039338961
4 0.5611213908557812 0.46525015139729436 0.002238184019792513 0.008024893800432552
4 0.5642053050284036 0.4632346595323524 0.0023709874087219163 0.008441610039900809
4 0.5587686807289252 0.4667877215034583 0.0021381635355750463 0.007707793160065156
4 0.5692380222840044 0.4891440739734159 0.0026320772512812597 0.009008258729946495
4 0.4197281662906245 0.4678946241660479 0.0022001281826383233 0.007479315768358485
4 0.4231635391840497 0.46949629832897133 0.0020867922642272417 0.007150282073784903
4 0.4166212330475078 0.4664460533708416 0.002304097542380248 0.00777754658654402
4 0.46498329772769237 0.4582381779156016 0.002438693150494302 0.009479321878814916
4 0.44134234306366993 0.4582369279069231 0.002611083462006789 0.009479474244699873
4 0.4846835456773782 0.45823921857768934 0.00229504258840727 0.009479195115912659
4 0.40285340123184255 0.48873888899533313 0.0028995796333099832 0.009235231744902801
