3 0.14411372549774107 0.5135705309964924 0.10562386937312197 0.03532317600147792
3 0.4780543391436013 0.5032943009258016 0.01699390652469333 0.018757617753460163
4 0.6400417588053141 0.40685111173403954 0.006222469395068515 0.01914582919674435
4 0.6573666050306443 0.3954640745320126 0.0072633807489791025 0.021690172434770526
4 0.6282711323347352 0.4145866066778112 0.005549385354456859 0.017439569930580774
4 0.6949900201381684 0.4530176916399902 0.009870130268505618 0.02598205150190277
4 0.5064878034383327 0.43720964046695265 0.0029202137091637326 0.01255260676888516
4 0.5374203137023589 0.43721122031748394 0.0032101134257455045 0.01255224366279028
4 0.48069601830088515 0.4372083233764194 0.0030376083918028486 0.01255290947368195
4 0.5881527100400114 0.4770423500867263 0.003709567401401088 0.012181687614745822
4 0.3302693460180329 0.4197257674655936 0.005707746684100314 0.016316176795725994
4 0.3449260537617221 0.42657572970647306 0.005053318274488632 0.014830772298780298
4 0.3157554421974564 0.41294194796133643 0.006385830617340354 0.017801116111020764
4 0.36517113125319156 0.47650155405913175 0.004248373625746851 0.01248788017678379
4 0.3959419890520743 0.35896125759239844 0.008684858927447152 0.03010857195277481
4 0.3258264383659744 0.35895272541083945 0.010175871714570163 0.03011065138281239
4 0.4543648580987552 0.35896835823728945 0.007442635926971448 0.030106841362156207
4 0.21295431334769227 0.44962990631778327 0.012537831006240624 0.027965701253550416
