3 0.46919720058016223 0.5049231599486821 0.023281318978655038 0.02501911528418295
4 0.6919878776730027 0.37284633387988764 0.009523797476082478 0.026901298897130062
4 0.7261105534889718 0.3504029734958375 0.011983898074160209 0.032182869515732716
4 0.6705365419362082 0.3869522052102905 0.008095899969869577 0.023658884134516334
4 0.8149669626408398 0.42484104441701465 0.019745421410839015 0.04286015442676392
4 0.5079138526916731 0.4237044209287838 0.003583872056522637 0.015490810502102714
4 0.5457018786782565 0.42370721937131445 0.004016173842456397 0.015490209484808162
4 0.4764017478638827 0.4237020880179307 0.003759683878261342 0.015491311537542884
4 0.6077349951107143 0.4723522447059158 0.004758229351892566 0.01494495856039388
4 0.27874602198229775 0.3958556378592341 0.008245127595428307 0.02164291808521322
4 0.3030178712470814 0.407199138377725 0.007001372012026686 0.019108944702779854
4 0.2534220841939032 0.3840186592390802 0.00963177633344845 0.02432822137353559
4 0.334272296588898 0.47153736251796907 0.005585681505464706 0.015408741691893985
4 0.3232006133472865 0.2612121718803696 0.017368793649234496 0.0546576709130989
4 0.20409279284390755 0.26118442700770517 0.02166758879897845 0.054665011440078265
4 0.4224360066432966 0.261235262590334 0.013787989282984157 0.05465156194051711
4 0.01426815223246298 0.41553855692863656 0.02830027159563429 0.04853083944788442
