3 0.4635012836543238 0.5068393476677521 0.027696970931917378 0.02949220363907064
4 0.7217398636364402 0.3545910363729469 0.011601535233793071 0.03139654591410552
4 0.7682841421975372 0.32399119196863174 0.015278343511294992 0.03880798715647595
4 0.6937440087193 0.3729908982662182 0.009596982844366409 0.027074308357165032
4 0.9039764167998624 0.40489020456340713 0.02883066857367808 0.05570212762229616
4 0.5091446044551693 0.4181917874291845 0.0038976515016382507 0.01688531612326031
4 0.5501548649758677 0.41818545237009974 0.004405885697706395 0.01688670137455451
4 0.4749508203724315 0.418197065044394 0.0041021770543581935 0.016884162098394502
4 0.6175441216544931 0.47096028442623245 0.005278840643501823 0.0162553285167769
4 0.25288576144791786 0.3844320660550922 0.009673456651624833 0.024437607775422424
4 0.28290467443946576 0.39846065063249797 0.008039334528241505 0.021257969862968195
4 0.22071413127330758 0.3693946248980415 0.011565892147537404 0.027911134330580203
4 0.32028193790233345 0.47002387800507894 0.006252182161810005 0.016790666157820246
4 0.26596798714138603 0.18413306415329572 0.025765038373113357 0.07622093604116943
4 0.10801780287935482 0.18422741798617673 0.0332827516744806 0.07619374496538948
4 0.3976650845107409 0.18405434856687747 0.019493429448176513 0.07624362246527339
