3 0.46350095755335474 0.5066785900818677 0.027697756301637285 0.029492216779067822
4 0.7217599759515975 0.35440870758305953 0.01160617246136681 0.031402003430029406
4 0.7683136129737046 0.32380020322790465 0.015285405907903282 0.03881615930518601
4 0.6937593521131302 0.37281320734300455 0.00960043686555565 0.027078416994142696
4 0.9040089402677317 0.40470329457759796 0.028844820547847972 0.05571025900045588
4 0.5091450536526364 0.418023676783527 0.003897928922348797 0.016886964683627638
4 0.5501574092475287 0.41801734056224554 0.004406542279670944 0.01688835019806471
4 0.4749495066662031 0.4180289553669016 0.0041026024784487445 0.01688581043955826
4 0.6175469933509218 0.47079561844654205 0.005279945017919374 0.01625605117722794
4 0.2528678775955954 0.384257043561743 0.009677250878910115 0.02444098117702121
4 0.28289086623910253 0.3982886747297949 0.008042205282112285 0.02126054717967591
4 0.2206912941107253 0.36921606109650396 0.011570841060466783 0.027915490313017603
4 0.3202773416642628 0.46985895033147473 0.006253881544890269 0.016791436690541464
4 0.26592153969045024 0.18388739186414502 0.025779510530543916 0.07624984181038606
4 0.10794019773995299 0.183981790966041 0.033305036253609935 0.07622263172828508
4 0.3976446302641985 0.1838086385029411 0.019501382783725704 0.07627254409622886
