3 0.4194165972272738 0.5146897934391549 0.03030616331532194 0.030193208654989877
4 0.5560376277865997 0.469110610674661 0.0020193791426375896 0.007324632443054497
4 0.5586095128986376 0.4674303871725131 0.002127339231892549 0.007670279000857363
4 0.5540606992816224 0.47040211374514873 0.0019373056760958463 0.0070595138111747245
4 0.5626965795163401 0.491155944179863 0.0023375614968069412 0.008133671455083421
4 0.4236186465106023 0.47011795122826433 0.002076276019121295 0.00711741355307339
4 0.4685347478442647 0.46332912478837934 0.0021764352184545288 0.008517156369951427
4 0.4472201534654016 0.4633287668479062 0.002316773186522738 0.008517166663320096
4 0.48629687881088496 0.4633294222727533 0.0020594873572488837 0.008517147957647731
4 0.4125048713842828 0.4908280217797212 0.0025529259036448336 0.008317494036626178
