3 0.4634943847733258 0.505129864658598 0.02771404224206748 0.02949291549525147
4 0.7219701712292426 0.35253484840249977 0.011654062638619962 0.03145871918675496
4 0.768621289448142 0.3218363025116093 0.015358373582857751 0.03890104684817137
4 0.6939198560385131 0.3709875652372635 0.009636099370987807 0.02712113527834077
4 0.904352791400442 0.4027821636871492 0.028991230144652606 0.05579544518744399
4 0.5091500656027961 0.41629754757670934 0.003900825954982707 0.01690414969928464
4 0.5501843279903731 0.41629122840500504 0.004413340950537688 0.01690553758299392
4 0.4749360879987929 0.41630281195211266 0.004107002147683403 0.016902993481623364
4 0.6175779071358307 0.46910571201720797 0.005291349783479688 0.016263713202738
4 0.2526817311961667 0.3824588414440992 0.009716364007093893 0.024476074826009483
4 0.28274708785740227 0.396522180808231 0.00807179090833806 0.02128737732458082
4 0.22045365938655528 0.3673810043681635 0.011621872139028717 0.027960782123788306
4 0.3202286807849295 0.46816611597605895 0.006271388997353249 0.016799604351387623
4 0.2654392554376072 0.1813540669010249 0.025929324680183115 0.07655011786869191
4 0.10713356718592085 0.18144882491682288 0.03353566585988114 0.07652271560503711
4 0.3974329309275628 0.18127501396903967 0.019583762871938432 0.07657298054163685
