3 0.3249997528401285 0.5070975297652877 0.045008314633684494 0.017074884049042397
3 0.2078723422459962 0.535396335721986 0.1810591568773442 0.12046467766390569
4 0.5690997139949883 0.45459216729523677 0.002579834738521214 0.009126202463701816
4 0.5730762438688716 0.45198524242065136 0.0027567750322389627 0.009668886453792614
4 0.5661014020684172 0.4565577263964506 0.002448494129656993 0.008718376818793179
4 0.5797700852186781 0.4812700797715014 0.0031089258966844114 0.010412978016252622
4 0.5038241500613002 0.4634580059239286 0.0017153575288004674 0.007295754277543551
4 0.5221495064121688 0.46345885265812664 0.0018166544973022526 0.0072956065684673865
4 0.48854779934975207 0.4634573001181217 0.00175550523312495 0.007295877406540778
4 0.5521600956239219 0.4870674122645071 0.001994573038929559 0.007160548303725042
4 0.40983438389642146 0.4579605514012793 0.0025204832899598986 0.008427797724854524
4 0.41413939366996855 0.4599725575486946 0.002373803642474073 0.00801238991956751
4 0.40590192254735524 0.45612261803687526 0.0026567608501927254 0.008808325538004074
4 0.42097059801607656 0.48687875169667433 0.0021726273109096183 0.007265454693368459
4 0.45933618163059253 0.445368960453006 0.002865661770078489 0.011055155771668221
4 0.4319409139515389 0.4453671608182333 0.0030923414091394365 0.011055495313023963
4 0.4821643418391794 0.4453704587444632 0.0026767824746349333 0.01105487311506882
4 0.38742941191650965 0.4807268097936945 0.0034668233393811932 0.010718352170657966
