3 0.46350126554060805 0.5063184694313342 0.027699494463699566 0.029492089107110077
4 0.7217958499377386 0.35408386729959007 0.011614450057314088 0.03141177174393827
4 0.7683662796563132 0.3234598547518997 0.015298015551937 0.03883078533190556
4 0.6937866679165051 0.37249667087789123 0.009606601492385635 0.02708577168853817
4 0.9040675291380568 0.4043702856887039 0.028870115160356136 0.05572487943343276
4 0.5091456366123822 0.4177242743814762 0.0038984267363769477 0.016889920368307165
4 0.5501617563189053 0.41771794084992775 0.004407715666392064 0.016891305310749328
4 0.47494691889016094 0.4177295507239427 0.004103363993565381 0.016888766600791787
4 0.6175519681041655 0.47050241577123064 0.005281915955775247 0.0162573544352288
4 0.25283542808433457 0.3839452144822445 0.009684031313005229 0.024447036223918132
4 0.28286575582308904 0.39798231479560164 0.008047334472972168 0.021265173909018293
4 0.22064992470493255 0.3688978729817189 0.011579686709552988 0.027923308332802273
4 0.32026872107728344 0.46956526733926296 0.006256918068995816 0.016792833427628863
4 0.2658378408783377 0.18344874196128766 0.02580542587877581 0.07630167612103542
4 0.10780036486591424 0.18354315120873782 0.033344940374371905 0.07627445246686819
4 0.39760770677724466 0.18336998011959582 0.0195156308238041 0.07632438973664928
