3 0.4717476149536371 0.5044821001183385 0.02143741253670406 0.02320347127411869
4 0.6766288145402451 0.3829430124329681 0.008490819325104725 0.02456941115020224
4 0.7051021608903355 0.36421953257161466 0.010440441012277972 0.02890851110949337
4 0.6583104586112125 0.3949864579821342 0.007321855938856317 0.021833834709128867
4 0.7752463922510021 0.43422213624445144 0.016154129170037095 0.03719528166690618
4 0.5075369902372207 0.4274125695226284 0.0034024685015382515 0.014684507180792726
4 0.543457122378668 0.4274148957678226 0.0037931422837388594 0.01468401082431555
4 0.4775837485426632 0.427410630221778 0.003561116601514911 0.014684920973803155
4 0.6024097431589809 0.4736588232409547 0.004464303576550605 0.014189822459287977
4 0.2934720728517858 0.4027034778499501 0.007481917082466474 0.020103751452289438
4 0.3147777100172076 0.4126606300079332 0.006429996730008618 0.017897901819813978
4 0.2715720660105202 0.39246720646957667 0.008630233196298534 0.022402405913475813
4 0.3427417248545526 0.4729244535466348 0.005205935058260138 0.014606974620751128
4 0.348129764853341 0.294745791442604 0.014151919370046855 0.04592406240198926
4 0.24580342723083085 0.29472696760053113 0.01732509892784929 0.04592885155789853
4 0.4333873857284091 0.29476145682914845 0.011508492036995506 0.045920076915529934
4 0.08216048944874248 0.4272412359925725 0.022262614280250538 0.04139357567001421
