3 0.3391196025257208 0.5067813410226398 0.04096079358495331 0.015960085111759763
3 0.35211009366820933 0.5171380451735207 0.0675781411428833 0.05721000956599047
4 0.5636086179378572 0.45850937887650445 0.0023386923428555663 0.00837212630173146
4 0.5669592059151957 0.45631376773661997 0.002483910937916249 0.008826691127157744
4 0.5610618297772916 0.4601782159551671 0.002229801595435319 0.00802758560999346
4 0.5724592976215197 0.48327934003000206 0.0027694066471978117 0.009440472902622996
4 0.4166034764815087 0.46137681939480285 0.002293357110208234 0.007780276032619895
4 0.4203026383267778 0.46310568124445906 0.0021706142513743744 0.007424858807548276
4 0.4132474398495515 0.45980829186532296 0.002406391578476743 0.008103505940414852
4 0.4632340669946937 0.4508311970858225 0.002565425078897761 0.009967773705688122
4 0.43843668027668714 0.45082985623733957 0.00275133323395643 0.009967990060578606
4 0.4838977713857694 0.4508323133329994 0.0024105134280303277 0.009967593643687375
4 0.3981231702336386 0.48283268645878213 0.0030600322233744494 0.00969039064079908
