3 0.46663502512311394 0.5054329139183334 0.025341785050801348 0.02704711577570805
4 0.7097765024871674 0.36130495690831377 0.010759426650472364 0.02960057992491405
4 0.7510921327086255 0.33412042514824086 0.013911989682642343 0.03610951344893337
4 0.6844830860909752 0.37794277902808093 0.008997116414410726 0.025725809044107706
4 0.8660338444976929 0.41278955345236634 0.024799978345743198 0.05021193971412435
4 0.5085675509489201 0.4197811149748555 0.0037778353055684024 0.016351840652645912
4 0.5483414944653533 0.4197737158209066 0.004254991372599051 0.016352133253711734
4 0.47540137899967994 0.41978727999344057 0.003972862909246828 0.016351596990314382
4 0.6136655666519758 0.47095731872045 0.005077262972059131 0.015751653460794726
4 0.2628494930339828 0.3883957319780592 0.009117357770042921 0.023347520182209914
4 0.29056917623300266 0.4013471917373385 0.007640598264410698 0.020427365898665735
4 0.23345087162316247 0.3746574367238695 0.010802454400406631 0.026499973333219438
4 0.325550817672315 0.47011013892303916 0.005999616609503491 0.01626085334008792
4 0.2905346610727747 0.21691030986983337 0.022006517952456405 0.06671843391627724
4 0.14931062534502548 0.2169454857490156 0.02804350579090519 0.06671400459045174
4 0.40823081490385976 0.21688095894369644 0.016974888092370577 0.06672213525676315
