3 0.4643942627309237 0.4922577713103855 0.027144863605741705 0.028877259439877793
4 0.7236294727723259 0.33822703228510703 0.012024771141303887 0.031912671421109026
4 0.7710417397376026 0.30681453136249415 0.015924361973888353 0.03957763219268519
4 0.6951908751376444 0.3570626224240392 0.009911864513835696 0.027464437157259596
4 0.9070839673590185 0.38812452510388745 0.030122466183227205 0.05648455293913898
4 0.5091847762296556 0.40316859685352424 0.003923701980455547 0.017045058213831937
4 0.5503970368201124 0.4031613371629738 0.004466169194491556 0.017046463183803033
4 0.47482106613433006 0.4031746448766432 0.004141976802945138 0.017043887761929756
4 0.6178397033930894 0.456279749655663 0.005379281681442407 0.016331425393284936
4 0.2511853214022153 0.3687628737942249 0.010019395201621251 0.024759093787160347
4 0.28158384742145104 0.38307751663972517 0.00830092328497848 0.021504925205982676
4 0.21855308132229914 0.35339329418574816 0.012017484643250356 0.028324490879864137
4 0.3198035544006147 0.4553251494610522 0.006406663337338117 0.016871502050042106
4 0.26163788359969314 0.16183336852582184 0.027107381740255895 0.07893724899136628
4 0.10078185929260318 0.16193428666551532 0.035348587164956535 0.07890843094345094
4 0.39575828110355765 0.16174917740047812 0.02023215894390944 0.07896129321069843
