3 0.2478063881916494 0.510321615709154 0.06913129606389148 0.024787719852224086
4 0.5994056021672614 0.43468238162502737 0.004010908371398258 0.013325919976977522
4 0.6078412201800005 0.42914594645871573 0.0044410368509146285 0.014513874604362277
4 0.5933207909759184 0.438675690926639 0.0037094094317026106 0.012474765084719858
4 0.6238152275474783 0.47092649015230914 0.005373548600979561 0.01629121594990636
4 0.5050652728446582 0.45158873193382126 0.002282164617481186 0.009755055825326243
4 0.529348997295152 0.45159002833451134 0.002460046192427541 0.009754792234193512
4 0.484819661529435 0.4515876512520473 0.00235362428569168 0.009755275555670266
4 0.5691496630193886 0.48286657907375446 0.0027690373228725206 0.009524089041470916
4 0.3743685405832966 0.44143765708349786 0.003826272847842702 0.011888792480027917
4 0.3825765548530367 0.44527211302967845 0.0035078947584875663 0.011079161021621549
4 0.36659612644321543 0.43780652397400976 0.004136533421581561 0.012659549526098412
4 0.39472405664932403 0.4825346350098808 0.003090599998996737 0.009710565799620194
4 0.4357717059169973 0.4137214180864704 0.0048332467873812845 0.017871799009012933
4 0.3925061250143236 0.41371734094787366 0.005398660078388318 0.01787268330069897
4 0.4718232819377859 0.4137248121100369 0.004362149538695803 0.017871062892361636
4 0.3224286299283821 0.46959763788269127 0.00631451765533221 0.01705103272418351
