3 0.19171384226288335 0.511569749593061 0.08829238204376255 0.03046041848537982
3 0.48137463929804 0.5027587861843203 0.014710871722651292 0.0164269140607909
4 0.6213996714230064 0.4191126712505787 0.005169685106304271 0.016452750991346837
4 0.634216324974176 0.4106916851492332 0.005886285686291899 0.018299699421594606
4 0.6124489659930222 0.4249930528471379 0.004688644235871422 0.01517564050746112
4 0.6603584652076888 0.4611993006049941 0.00755868244890479 0.021240086038114517
4 0.5058555878449291 0.44297844034194045 0.0026429736490131005 0.011333992699680948
4 0.5339056048895742 0.44298006031186965 0.002881326535805613 0.011333644970158617
4 0.4824683089095964 0.4429770898984208 0.0027392392427557865 0.011334282571955233
4 0.5798929371637872 0.47910396998650334 0.003292984192869568 0.01102670901569212
4 0.3500119575302561 0.4289703161389451 0.004832745961346561 0.014317789356874519
4 0.36156803841349394 0.43437122957170554 0.004346576031929175 0.013160400206004112
4 0.33879553294853354 0.4237277870977843 0.005322748686587957 0.015449613889230137
4 0.3780130547983403 0.47865939474047065 0.0037307444868812214 0.011277371449169493
4 0.4155759721601434 0.385438589956077 0.006705581412674562 0.023965929898326882
4 0.35870524255629166 0.3854318493155512 0.007686568580134861 0.023967480694955252
4 0.46296304389118675 0.38544420082904796 0.005888271805887016 0.023964639023130396
4 0.26689718121002753 0.45893566386247214 0.00925476833617676 0.022549517242389357
