3 0.11625298172159977 0.5148510250208916 0.11621180707800026 0.038188215220810943
3 0.47614460930565583 0.5036944782056334 0.018325914049246776 0.020095834689298802
4 0.6509019469243285 0.39980655385232894 0.006867646914674168 0.02073696871580244
4 0.6712107450936915 0.3864568216690885 0.008137672266355906 0.023752381329198755
4 0.6373246417103138 0.4087301668635441 0.00606439728276932 0.018751096252426484
4 0.7169704029775087 0.4479295715194691 0.0114617175381089 0.02902251666509585
4 0.5068190179212219 0.4341761092590364 0.0030715026055077033 0.01321935337012036
4 0.5393191715892225 0.4341781718451706 0.003391409588881018 0.013218950483441365
4 0.47971935130861953 0.4341743898147661 0.0032010431323158885 0.013219689238622436
4 0.5926343502750949 0.47602549547805606 0.0039420223548190594 0.012811575278008434
4 0.3190730718987957 0.41459202909080284 0.006226953129696682 0.017459214311550873
4 0.3356341230478643 0.4223318822147661 0.0054636279342236095 0.01576975459387223
4 0.30248614973590326 0.40683930727310297 0.007030452273282925 0.019169493909188637
4 0.35814336984816764 0.4754252296796468 0.004540469475084805 0.01315068537043383
4 0.38316761644289843 0.34185900808398134 0.010054269965091933 0.03421235661117758
4 0.3044440652547924 0.3418475014959116 0.011933077994980152 0.03421503497682688
4 0.4487621202458297 0.34186858472177 0.008489000550357204 0.03421012759773622
4 0.17793322395436167 0.4436923549469393 0.014894418136158905 0.031519145450195275
