3 0.2879316805371538 0.508681176042173 0.05627129423406963 0.02076529960962868
4 0.583683361401939 0.4450553765710104 0.0032453359504624048 0.011130589595593108
4 0.5895827625914055 0.44118537247583484 0.003526166436439411 0.011948020796000568
4 0.579328805532262 0.447911829509222 0.003042473235374743 0.010530117074252133
4 0.6001269025280255 0.4765301110514976 0.004106809428474349 0.013116934767973779
4 0.5044576552226847 0.45754420216367825 0.001999012462485794 0.00852336655111562
4 0.525770437806995 0.4575448846448855 0.00213606091986442 0.008523180632150039
4 0.4866899885371343 0.45754363317874436 0.0020537245983089036 0.008523521536150724
4 0.5606881751972861 0.48499794348586495 0.0023752350787302843 0.008343413563201996
4 0.3925091871078986 0.4499231978002464 0.0031366238826018387 0.010109146340203096
4 0.39857506985866153 0.45275723882603475 0.002915901122042044 0.00951748274014875
4 0.3868698803380252 0.4472883672936278 0.0033464921642870848 0.010661377691360012
4 0.4078572534818468 0.48474501010357507 0.002619434205687483 0.008486072614292557
4 0.44856368086475806 0.4309274323014972 0.003738018246218928 0.014136738878289729
4 0.41390636607365117 0.4309253945380952 0.004100851760943698 0.014137250868544365
4 0.4774429412714595 0.430929128211161 0.00343576432340285 0.014136312703206404
4 0.3576762757238701 0.47567267890505993 0.004694016499531202 0.013604871680878053
