3 0.23085662388901176 0.5109200676722756 0.07477278638854468 0.026495944574473167
4 0.6060479693692722 0.4302025276822704 0.004349281453637986 0.01426273445001191
4 0.6157021791640432 0.4238648059771291 0.0048555560872740955 0.01563164914107669
4 0.5991517404701473 0.43472938861324145 0.003998961580125453 0.01329231227628469
4 0.6344116406209285 0.4683192027250493 0.005977042341579804 0.017719192388147745
4 0.5053119239902693 0.4491189211636449 0.0023951902766570043 0.010248366113182025
4 0.5307780351725073 0.44912030908033823 0.002590883290703303 0.010248075504917532
4 0.48408007053164653 0.44911776418259214 0.002473942102206266 0.010248608365796769
4 0.572522514573985 0.48191822008834 0.002930236355689715 0.009995150373498896
4 0.36689270500260734 0.4378392316990071 0.004124536864938264 0.012629207191407374
4 0.37607168156204046 0.4421273193368172 0.0037594107328700944 0.011719619098918011
4 0.3581347197812231 0.4337475973810552 0.004484021540089387 0.013502255308977548
4 0.38948462092261193 0.48155293865337145 0.0032858324194094024 0.010200723187381869
4 0.42997828563370033 0.40582115171715266 0.005351818534496431 0.019594760889281606
4 0.38281075469727055 0.40581637828081735 0.006024006462710574 0.0195958222045986
4 0.46928090709928294 0.4058251252856554 0.00479176623392732 0.01959387742000923
4 0.306476245182458 0.4667468168573697 0.0071088143828546176 0.018621649618718077
