3 0.4246773773482454 0.5128068179826548 0.02787032179717187 0.028200103888609364
4 0.5552459699341157 0.46851210385528325 0.001979203886542109 0.0072000904590685385
4 0.5577309804122548 0.4668874370765611 0.0020828979570050167 0.007533834183573162
4 0.5533332314547024 0.46976259550773364 0.0019002388211654874 0.00694374013695068
4 0.5616538856698393 0.4902178696063501 0.002284234741169868 0.00797843707731109
4 0.42501122738556474 0.4694947862666432 0.0020333766385180496 0.006998991915437974
4 0.46928837763411624 0.4629381676074839 0.002129218147039893 0.008348632801106343
4 0.44838716017294283 0.46293914220752935 0.002263465549162902 0.008348495079818007
4 0.4867065623086833 0.46293735464846636 0.0020173388794272286 0.008348747731327062
4 0.41435389352276814 0.4899078374766104 0.0024893120882862265 0.008154233822098433
