3 0.46350129226729064 0.506826804946783 0.027696957503740335 0.02949220365314138
4 0.7217412893202044 0.3545776264870283 0.011601872782319162 0.031396938890241824
4 0.7682862306628775 0.3239771615887586 0.015278857029095719 0.03880857540578219
4 0.6937450966137542 0.37297782118508127 0.009597234441017264 0.02707460426264736
4 0.9039786181206938 0.4048764634038674 0.02883168982657125 0.05570269736415729
4 0.5091446380724964 0.4181793995865634 0.0038976713578007605 0.016885434899205763
4 0.5501550466813373 0.41817306444377245 0.00440593336095219 0.016886820169454447
4 0.4749507293342928 0.4181846772715045 0.00410220771652206 0.016884280858550465
4 0.6175443168824034 0.47094814231383936 0.005278921067801221 0.016255379195323865
4 0.25288449947842256 0.38441918066545316 0.00967373337549006 0.024437850756671035
4 0.28290370045481483 0.3984479843401663 0.008039544027434892 0.02125815552724196
4 0.22071251924087817 0.3693814851465278 0.011566252859755117 0.027911448038364692
4 0.32028163007480004 0.47001171685603915 0.00625230609792137 0.016790720194683122
4 0.2659647080583315 0.18411512885129627 0.025766083340283963 0.07622301357924513
4 0.10801231958868368 0.18420948591111555 0.033284363827364466 0.07619582113944948
4 0.3976636442813584 0.18403641057215972 0.019494001148197028 0.07624570114168798
