3 0.0851041533264239 0.5161863880440468 0.12844646087168646 0.04140516555343387
3 0.4740457182123612 0.5040364576273152 0.019810627620619598 0.02157152325117579
4 0.6630227441971854 0.3918233066455902 0.007616252045427956 0.0225322018161242
4 0.686982548301512 0.37607011878804203 0.009181257522920561 0.02613372028910405
4 0.6472912618334052 0.4021648053800851 0.006650883442761284 0.020208323254956848
4 0.7432590847086302 0.4417095749466042 0.013494641117538463 0.03268989473460692
4 0.5071669230237237 0.43085645821160456 0.0032319026994940005 0.013928986792265572
4 0.5413274427090952 0.43085818622272587 0.0035853363378738124 0.013928544661272753
4 0.478681916468919 0.43085501753457284 0.003375442592975517 0.013929355379971375
4 0.5973787332537579 0.47483955398263106 0.004193034777977687 0.013479933916030688
4 0.3068495696092263 0.4088829890111113 0.006815085670306935 0.018716523872631636
4 0.3256088526957203 0.41764998506237455 0.0059208808997621536 0.01678915071643677
4 0.28782673396229663 0.3999918056858119 0.007772803848589476 0.020694736103375345
4 0.3506780987553637 0.47417923226777436 0.004859133726377607 0.013855818726983103
4 0.36756919319585224 0.32085603368900145 0.011817539633024338 0.03934373148764976
4 0.27833879871684375 0.32084271561064126 0.01423127033069349 0.03934722877492319
4 0.4419169781657739 0.3208671163920512 0.009806686231812094 0.03934082103364119
4 0.1352590583367562 0.43633531577184725 0.018012907178056706 0.03589059737031775
