3 0.42757812301669773 0.5115550407144741 0.02653581966073624 0.027096244416199795
4 0.5547581500132083 0.4681303109579369 0.0019560133035492555 0.007128220814620932
4 0.557193561762752 0.46653603743393984 0.002057285816898613 0.007455192154752221
4 0.5528821187894605 0.4693583713152176 0.0018788161920251412 0.006876867638844146
4 0.5610230809383674 0.4896353518048727 0.002253598711784335 0.007889177576995412
4 0.42578618104149163 0.46909787827505645 0.002008805948658079 0.006930780960181645
4 0.4696927168344686 0.4626686018286775 0.002102203669469205 0.008251950766529887
4 0.4490291673816937 0.4626700143835041 0.0022330290646268482 0.008251762634480807
4 0.4869130277248664 0.46266742390027576 0.0019931738492919493 0.008252107705137443
4 0.41538732599430456 0.4893332215271185 0.002453094392534041 0.008060658012244535
