0 0.8370355795521662 0.512934294050789 0.10212955348748437 0.040460001985129945
0 0.49198562877355845 0.5108187760438843 0.009650120473504132 0.027689278017743485
0 0.5238903912059008 0.5084853570446672 0.01930523133727185 0.018520792754035446
0 0.8674860284235831 0.5206686744196024 0.11240614815636932 0.03706915410764158
1 0.2146122441546683 0.3879100973760809 0.009953360851108109 0.023481380443633904
1 0.2478293972879819 0.40098928953392343 0.008288065566724399 0.020529939909212088
1 0.1793406900272924 0.3740194356472703 0.011866292379145556 0.026672197709444134
1 0.2894240631150208 0.47008520291174755 0.00645202750173059 0.016324103106763913
1 0.20549431515843403 0.23584634580769703 0.0238757567785483 0.06155798100476472
1 0.07290757959261221 0.23537181860450412 0.029239376778454576 0.06168754589056389
1 0.3156204817548328 0.2362404881098439 0.019435247929713347 0.061450415354542876
1 0.762435738115512 0.3498567859345015 0.012886712716654926 0.03236086001941904
1 0.8199449751612715 0.317373950084946 0.017262555472820934 0.04028376285915063
1 0.7281589770263966 0.36921063949197785 0.010546180421863055 0.0277905821169801
1 0.5490694699110533 0.41912615130532405 0.004333024126051584 0.01652238426914977
1 0.5891784697754997 0.4191700217622873 0.004815987243483093 0.016512827846265406
1 0.5156118088633168 0.4190895612252162 0.003929745632198447 0.01653035522731192
1 0.6550887905209005 0.47085587001432944 0.005646159633483308 0.015884728281312446
