0 0.7588761611652137 0.5136980129733263 0.09589924914518277 0.04036942334358903
0 0.4922617541797447 0.5095117859983256 0.007861194161148007 0.022561939268120834
0 0.784359196491635 0.5214645476284497 0.1052217841502528 0.037311395818927055
1 0.21470324733392943 0.38870351588119517 0.00993457538510647 0.023467033869754867
1 0.2479003376420431 0.40176989182177597 0.008273700231691699 0.020518868799064668
1 0.17945573201674775 0.3748275500879883 0.011842065008562202 0.026653868833075193
1 0.2894481377519053 0.4708353682671352 0.006443316848065556 0.016320706157674086
1 0.20571656491239382 0.23686078957356832 0.02381461579747256 0.061468879138796
1 0.0732307591353653 0.2363874443406477 0.029154555928869747 0.06159808372965676
1 0.31575917423661404 0.23725395112775582 0.019393689349592194 0.06136161212742936
1 0.7623222855675132 0.3506917559998262 0.012861227135879717 0.03233435858718124
1 0.8197767913288121 0.3182519035886406 0.017223130735039546 0.04024358422909415
1 0.7280730303797615 0.3700229080281343 0.010527377808485738 0.027770774579299672
1 0.5490577817959148 0.41989007647315485 0.004330121738840446 0.016515122456047446
1 0.589157540422986 0.4199338250612717 0.00481143885935225 0.016505575231714763
1 0.5156078372054642 0.41985358805629064 0.003928217846857649 0.016523085737474665
1 0.6550710450407723 0.4716042765299384 0.0056397820458323625 0.015881518575866855
