0 0.9220861397223681 0.5147388356052718 0.10651119547829566 0.03943189990626981
0 0.09914731258347709 0.5628252086261244 0.16491942205507035 0.14351994852002994
0 0.49199986509893107 0.5134524291375885 0.009983327438398604 0.028656126936319217
0 0.13671508006525288 0.5085894414306915 0.14151720253104239 0.06725316482000106
0 0.5296263251007863 0.5125666748215308 0.023659557207076888 0.022763902496832314
1 0.22132729255142342 0.3927190774653331 0.00961390741009403 0.022859627652326395
1 0.25305886759418184 0.4052011416899174 0.008043473219727027 0.020052274178454326
1 0.1878276218014963 0.37953922789246625 0.011403032473982649 0.025874367357498283
1 0.29300049367102554 0.4727105495846454 0.00630012221281838 0.016028585465836045
1 0.2215497640845089 0.2526362144340453 0.021979917511732942 0.05754586238004459
1 0.09625401292447794 0.2521965924934889 0.026782431629391593 0.05766400429799475
1 0.3256257623574246 0.2530013845386958 0.0180035109538224 0.05744777183859071
1 0.7538913968944095 0.3568449588960662 0.012299961052950437 0.03118621234554785
1 0.8074024982725905 0.326663517172185 0.016280943785636593 0.03848866609818998
1 0.7216405861844786 0.3750293881617067 0.010136332005851472 0.026917363790605244
1 0.9636850178335621 0.4073324991133875 0.031057543243299932 0.055092483698351916
1 0.5481089141702564 0.42263622127766926 0.004248342083255779 0.01620856980384597
1 0.5875167331088648 0.4226799913759822 0.004715474739341729 0.0161990019635878
1 0.515235420871785 0.4225997139082738 0.0038582646033223254 0.01621655050514183
1 0.6523149470315672 0.47345572274085196 0.0055208935735868185 0.015601678039716281
