0 0.9197544441198272 0.5113460216250046 0.08942702075622463 0.03292521310089171
0 0.2589910575439034 0.5335355642685655 0.07041388837092324 0.08190812554056644
0 0.49264655021222564 0.5101985595365242 0.0086774885617303 0.024909220175561207
0 0.24392972000006075 0.5057701096109972 0.10525603253758038 0.05346833191573883
0 0.02581616503751124 0.5152666295431423 0.04944110352244303 0.03221029695879622
0 0.5300833227883176 0.511221191606075 0.02406473242503175 0.0222834913253782
0 0.9504785149739158 0.5169162658626679 0.0958195188102205 0.029344856339262055
1 0.2689797523765249 0.41590646864161773 0.007282088500926527 0.018592323480898662
1 0.29110928866250757 0.42406830340196305 0.006302652059677669 0.016688363383313694
1 0.24654952160132126 0.40763264925257486 0.008334683205258243 0.020544189991607547
1 0.3204619992718331 0.4797495093267198 0.005145342672978686 0.01378432513160637
1 0.31116141154509613 0.3425636070388376 0.012543991261895754 0.03665778412326337
1 0.22647023777304917 0.3423456537608702 0.01473011382760582 0.036714030311265876
1 0.3815589551620521 0.3427447765588773 0.010731384604139577 0.0366110420811142
1 0.09035053505686058 0.45142038652841165 0.018177807647029757 0.033703536095585775
1 0.6981649937080431 0.3942707917304707 0.008653457186286885 0.02374265912694464
1 0.7295541086592635 0.3777485126726622 0.010621416336969815 0.02777663516479677
1 0.6778285287772325 0.4049729969548424 0.007467367248813303 0.02117628514374592
1 0.8062230158758878 0.4491809529086574 0.01632550405427992 0.03530951971509779
1 0.5413754980669353 0.4360696048173467 0.003621048746520401 0.013927525840400391
1 0.5755972829974927 0.4361054759575695 0.003970972491235898 0.01391934314489769
1 0.512827992747576 0.4360396850196849 0.0033288431687354602 0.013934351269326158
1 0.6317851536693236 0.48022251024958656 0.004574472573007498 0.01345801024414925
