0 0.9229571634151053 0.5152602072536342 0.09154240825275792 0.03383429249414396
0 0.24876338437952517 0.540711915566442 0.07566746651692689 0.08584921203973485
0 0.4929323883356724 0.5145514411229378 0.008802586508751488 0.025267579799031332
0 0.23543936516377081 0.5093658722306983 0.1086707386554421 0.05578997581892745
0 0.5303708522603521 0.5151740112165667 0.024025374399701177 0.022799983174804764
1 0.26541209741107197 0.4124848271991884 0.007509660653975558 0.01899125259697693
1 0.2882720570071343 0.4214838146975171 0.006479278780981233 0.0170099239056979
1 0.24216379599546237 0.4033318503177879 0.008622675230194013 0.021031051479735653
1 0.31836052314842384 0.4787782396613835 0.005272209814121105 0.014023094135497918
1 0.305317346490879 0.3301552492902223 0.013198875018917634 0.03822571640774124
1 0.2178609762732326 0.3299435154404979 0.015562940008438844 0.03827867282832789
1 0.37803213056741103 0.33033129475855866 0.011237726769241974 0.03818169620142778
1 0.07687096381306822 0.44261596867301384 0.019323172991666526 0.03515257437338742
1 0.7030736346859868 0.3883381566100159 0.008987187807570223 0.024421000524808913
1 0.7360171285370185 0.3698207558585905 0.011102696830892 0.028704564845578394
1 0.6818547311253341 0.40026282549380865 0.007723328573596291 0.021716102791379418
1 0.8180399504497493 0.43955668139040216 0.017388394419441653 0.03696576446358165
1 0.5423240384279514 0.4346189938358764 0.0036833300889936283 0.014158782808482328
1 0.5770119233600155 0.43465155038934294 0.004048973377708123 0.014151449084255035
1 0.5133912541708888 0.43459184270795714 0.003378072923547393 0.014164899193358166
1 0.6340541507646611 0.4793392761062675 0.0046824943393750824 0.013694998549192879
