0 0.7976815263113218 0.5136047316186231 0.09894697980396287 0.04033740972787456
0 0.4921205172323813 0.5103566232382596 0.008666120144507516 0.024869258525890815
0 0.82586721382515 0.5213571224333404 0.10885453686420433 0.037149496165647895
1 0.21469164845671337 0.3886026056057806 0.009936968615869226 0.023468851290352952
1 0.24789129267506993 0.40167059909065606 0.008275530815904198 0.02052027075439412
1 0.17944107371640905 0.37472478413550475 0.011845150817185584 0.0266561914389537
1 0.28944506706538775 0.4707399212201873 0.006444427621691311 0.01632113310778408
1 0.20568821085465863 0.23673182561512074 0.02382239880604324 0.06148018540571127
1 0.07318959131579751 0.23625836620771162 0.029165348658438183 0.06160943428908143
1 0.3157414283613612 0.23712508187629738 0.019398983415967484 0.06137288167998676
1 0.7623366023856949 0.3505854236031326 0.012864461252457745 0.03233772202245205
1 0.819798041293607 0.3181400994479747 0.01722813472001789 0.040248684957871886
1 0.728083864675103 0.3699194664111848 0.010529763375704847 0.027773287780005377
1 0.5490592204801817 0.4197928185904202 0.004330487661030062 0.016516042181220835
1 0.5891601499284796 0.4198365717985676 0.004812014200298478 0.01650649392199147
1 0.515608298247704 0.41975632631915055 0.003928408879734775 0.016524006326272246
1 0.6550732479975494 0.4715089538486375 0.00564059029829238 0.01588192307047507
