0 0.8785817255207512 0.5065169183438334 0.10567781246083172 0.04031824146655443
0 0.4919660734842553 0.5052215083801681 0.010156758876241838 0.02913820063794996
0 0.08611459204790521 0.5000308665942695 0.15110142394357937 0.06834395611168466
0 0.5268316913982399 0.5033116894490344 0.02151134333435394 0.02095067061631937
0 0.9102502732404824 0.5142376456448018 0.11635102858850828 0.03715097272226027
1 0.21381555139280242 0.3811678864434479 0.010114263448764049 0.023606815447843606
1 0.24720609869330581 0.39435833512392293 0.008411086457158738 0.020627000376835458
1 0.17833647026513247 0.3671497495423837 0.012073865667019774 0.02683210540426899
1 0.2892027985598866 0.46372296296778776 0.006526529310591336 0.016355194179512676
1 0.2035694043565738 0.22718704020650843 0.024402413507001626 0.06233065181146261
1 0.07011173272491311 0.22670318325635327 0.02996977719695562 0.06246335376179208
1 0.31441645164484044 0.22758892254185278 0.01979343508819845 0.06222048603495168
1 0.7634133128152121 0.34274942190889895 0.013104833166164412 0.032591462828203015
1 0.8213923479176671 0.30989338178653614 0.017600359974519364 0.040632674045648166
1 0.7289004267843515 0.36230059059577246 0.010707006956658773 0.02796327791740983
1 0.5491689547168124 0.4126380776362773 0.004357894538467519 0.016586399282136646
1 0.5893590590719993 0.41268268380094564 0.004854893026501017 0.01657676297399405
1 0.5156435592064611 0.41260087380121035 0.003942894457959483 0.01659443690931752
1 0.6552466937628876 0.4645058553362387 0.005700578827806169 0.01591416559448021
