0 0.9197544441198272 0.5110882910292232 0.08942702075622463 0.03292521219858419
0 0.2588947597267354 0.5356665861909616 0.07064324889115067 0.0820064174031493
0 0.49266898192442127 0.5107840978158904 0.008729718748678223 0.024931628892061325
0 0.24391389899174407 0.5073173544386407 0.1052609003507646 0.053468356432418415
0 0.0258959099799755 0.516505397221498 0.04964096197347593 0.032251589809884254
0 0.5300833227883176 0.511220950536082 0.02406473242503175 0.022283462577479346
0 0.9504785149739158 0.5167877457452539 0.0958195188102205 0.029335383199978558
1 0.2689797523765249 0.40950021685373117 0.007282088500926527 0.01867989562177428
1 0.29110928866250757 0.4182834230946429 0.006302652059677669 0.016759771884344493
1 0.24654952160132126 0.40059658755861033 0.008334683205258243 0.020649826243613348
1 0.3204619992718331 0.47475595499750606 0.005145342672978686 0.013837535543228986
1 0.31116141154509613 0.3305774889224734 0.012543991261895754 0.036964302964212124
1 0.22647023777304917 0.3303429641751338 0.01473011382760582 0.03702139715749335
1 0.3815589551620521 0.3307724332076045 0.010731384604139577 0.036916856922547085
1 0.09035053505686058 0.4394708781386938 0.018177807647029757 0.03400819394817963
1 0.6981649937080431 0.38621779962480324 0.008653457186286885 0.023881035422918445
1 0.7295541086592635 0.3684383759526402 0.010621416336969815 0.027961582441420395
1 0.6778285287772325 0.3977344989861742 0.007467367248813303 0.021288087285473125
1 0.8062230158758878 0.43668303729136576 0.01632550405427992 0.035642784484951825
1 0.5413754980669353 0.4311985548430049 0.003621048746520401 0.013978155443007316
1 0.5755972829974927 0.4312371576420543 0.003970972491235898 0.013969915979336918
1 0.512827992747576 0.4311663565943773 0.0033288431687354602 0.013985028246083478
1 0.6317851536693236 0.4753453897853972 0.004574472573007498 0.01350876750825421
