0 0.7225566053023479 0.5137232977165127 0.09303604692510987 0.04039960799401162
0 0.49238500221976056 0.5087345944019475 0.007208299253977159 0.0206883327030684
0 0.7532457398436404 0.5214865451004196 0.10243569180842244 0.03718099629177715
1 0.21470486972261607 0.3887183163351297 0.009934227813322564 0.023466774213542627
1 0.24790160280044646 0.401784462162286 0.008273434177772394 0.020518668467162608
1 0.17945778234629187 0.3748426142087625 0.01184161718970028 0.026653537062077723
1 0.2894485438822951 0.47084939303184703 0.006443155484260359 0.01632064709114606
1 0.2057205312114397 0.23687955927971213 0.023813496049259086 0.06146726710866448
1 0.07323651774106436 0.23640623015920828 0.02915300110792943 0.061596465394212124
1 0.3157616567314921 0.23727270746860407 0.01939292940569807 0.061360005323852225
1 0.7623202829616166 0.35070732612928945 0.012860758971226858 0.03233387829836398
1 0.8197738189129194 0.31826824871999654 0.01722240739248079 0.0402428561854794
1 0.728071514906662 0.37003806807986495 0.010527032167265702 0.02777041560631697
1 0.5490575805385494 0.4199043568451433 0.0043300689683343305 0.016514991004519666
1 0.589157175404265 0.41994810477414274 0.004811355499793706 0.01650544392803828
1 0.5156077726897141 0.41986786897816525 0.003928190621662395 0.016522954162564454
1 0.6550707536627534 0.4716182834209146 0.005639664782545282 0.01588146261609713
