0 0.9215038110284707 0.518071987292098 0.09684083999513987 0.03576227676673606
0 0.20633152238240648 0.549952306268552 0.09798600550551295 0.10174862399564337
0 0.49254980867464065 0.5171204555874626 0.009227546766318113 0.026486417839065836
0 0.20229580350765872 0.5126954982521444 0.11984186434623827 0.06034918792912549
0 0.5300579767067117 0.5171810457942705 0.02384105628485919 0.023000675412167767
1 0.25027433963168083 0.40866816073838536 0.008249288433311292 0.02028643754342795
1 0.27602465440791585 0.4187846484798871 0.007040909801824107 0.0180425151111262
1 0.22374961676021474 0.398246026365774 0.009578846899794798 0.02262958896803184
1 0.30930755413223104 0.47956814822179505 0.005654880726969687 0.014729708812618298
1 0.28001107529117086 0.3098135341060666 0.01572857223383327 0.043792517191875456
1 0.18114965199507257 0.3095342693286442 0.01877284064611324 0.04386304368386106
1 0.3621809112371416 0.31004564978282645 0.013204834566574064 0.043733915256673916
1 0.021664136497300306 0.4368180685798272 0.02362200025933639 0.039944580847143335
1 0.7198125221888694 0.38091870422652446 0.010082490332862477 0.026595405104249275
1 0.7589058395600796 0.3589566856896321 0.012741068256656406 0.03174890807485615
1 0.6951760751820544 0.39475592256223674 0.008543101944106724 0.023421060708616322
1 0.8617154494257369 0.4329540392534159 0.021247423023268083 0.042291199485962445
1 0.5443147998816424 0.4333385864901021 0.0038859558285596306 0.014866928546823317
1 0.5806637285007399 0.4333765645279563 0.004290535901480652 0.014858700263544335
1 0.5139947872449997 0.4333069118906653 0.003548152745406412 0.014873791461554712
1 0.6404942022079579 0.48020012625298364 0.004992646685438231 0.014366945704916626
