0 0.6868677120979584 0.513739723582472 0.09024345971185596 0.04052756766521431
0 0.7251431152344477 0.5215124326273168 0.0999980549444932 0.03717152970497532
1 0.21470517073541692 0.3887209746156442 0.00993416502262967 0.023466726726829517
1 0.24790183753539347 0.4017870779316332 0.008273386138266866 0.02051863183523461
1 0.1794581627552768 0.37484532121322217 0.011841536246664007 0.026653476377635408
1 0.289448622327158 0.47085190823120104 0.0064431263374087775 0.016320636030611506
1 0.20572126702758367 0.23688295177220237 0.023813292430688762 0.06146697186423175
1 0.0732375860793784 0.23640962563380977 0.029152718640234613 0.061596168993764876
1 0.315762117261045 0.2372760974874306 0.019392790993549448 0.06135971103765018
1 0.762319911415812 0.3507101266730347 0.012860674201903066 0.03233379042625212
1 0.8197732674457501 0.3182711925854239 0.017222276290467704 0.040242722942038116
1 0.7280712337365582 0.37004079281505076 0.010526969621907228 0.027770349942975846
1 0.5490575432004056 0.41990691906720873 0.0043300593873596685 0.016514966972904593
1 0.5891571076811197 0.41995066687453686 0.004811340414916146 0.01650541992346556
1 0.5156077607232096 0.41987043130173823 0.003928185637086301 0.01652293010838245
1 0.6550706973844767 0.4716207953118275 0.005639643582027532 0.015881452137564908
