0 0.5800068383491382 0.5137657603813127 0.081806088042458 0.04065242351432166
0 0.608289665469215 0.5215600037725278 0.08983823848969251 0.037288875777300445
1 0.21470543858993718 0.38872354210076593 0.009934105260009431 0.02346668288415008
1 0.24790204640875743 0.4017896070793718 0.008273340357689278 0.020518598002354244
1 0.17945850126678778 0.37484793259847193 0.011841459306410264 0.026653420370693747
1 0.28944868504120097 0.4708543462952874 0.0064430985856747825 0.0163206264183295
1 0.20572192195217517 0.23688617867254977 0.02381310176967606 0.061466700275998605
1 0.0732385369400633 0.23641285522621208 0.02915245352440248 0.06159589634418964
1 0.3157625271879488 0.23727932215467817 0.01939266190886663 0.06135944032918263
1 0.7623195807439888 0.3507128221549996 0.012860593970265058 0.03233370937997018
1 0.8197727766330931 0.3182740168775151 0.017222152509623497 0.04024260014776194
1 0.7280709835014971 0.37004342008736807 0.010526910332403218 0.027770289350117328
1 0.5490575099594359 0.41990939982813896 0.004330050378989014 0.01651494476678953
1 0.5891570474037514 0.41995314751984913 0.004811326115661387 0.016505397742380364
1 0.5156077500577799 0.41987291215912514 0.0039281810471746325 0.016522907881380083
1 0.6550706523800014 0.4716232303481648 0.00563962343984727 0.01588144303125612
