3 0.4999917162980363 0.5295096733021893 0.06507019718022398 0.08551098076461973
3 0.49984163166684253 0.49833510522904895 0.05056663427212499 0.08069232596726872
3 0.449075083822396 0.517690978478802 0.030974756661107817 0.03218250827107776
3 0.4090381736146897 0.5318077189240212 0.07796246233630953 0.057362429189626404
3 0.6515038702264155 0.5129129347354198 0.04952572639246469 0.01823380605384737
4 0.39861471284600425 0.42754833531039643 0.005721263804505057 0.015436150281638798
4 0.3603955841633038 0.4275650473992154 0.00604744244723257 0.015432603613332294
4 0.43047689064063877 0.42753439261424603 0.005449222504491971 0.015439109253791609
4 0.298495447654845 0.47694570400708014 0.006568452784008087 0.014952612170462393
4 0.552812088920164 0.44220479715670347 0.0042727936884563176 0.01236816958768685
4 0.5569293502893218 0.4373160491292159 0.004643337688851759 0.013386412827096498
4 0.5498174516244092 0.4457604706182853 0.004006141435525237 0.011630810436371632
4 0.5640329216658776 0.47679995447664986 0.005403487271371645 0.015035630410630366
4 0.3391261903313908 0.4458150569388093 0.004736704053235954 0.01161939167915629
