3 0.5000322574964898 0.5259577906339152 0.06171940627015673 0.08107520922408942
3 0.5434811052820624 0.4964341692453744 0.10454216116604051 0.07797336135907443
3 0.7505177666783777 0.5124932753500464 0.06827479471470553 0.02612222534275361
3 0.3964349437871246 0.5145670574904586 0.04784783481042105 0.028570809614334013
1 0.12751900924444431 0.5138599452669134 0.032489687148369854 0.026997791444218346
3 0.4189432962282899 0.5278735790935253 0.06747466028786044 0.050679072616475196
3 0.6831695031832687 0.5139118350599068 0.061347548822851365 0.022121208297924588
4 0.36719409755016635 0.402959079549966 0.007839392847542257 0.020482445658304205
4 0.3171421427669718 0.4029888874353506 0.008395889921903717 0.020476141516363525
4 0.40892639938073033 0.40293420862411755 0.007375141099798199 0.02048770588781063
4 0.23634390957007548 0.4677085017302642 0.009277624648800007 0.019656704123621013
4 0.5652975416007253 0.4267057531820538 0.0053868252906799086 0.015413431725317348
4 0.5717345725118194 0.41908645076645 0.0059868834527053135 0.017026415021015328
4 0.5607655033989454 0.43206995725310887 0.0049709615314061754 0.014285364530598154
4 0.583939737964954 0.46745151609775026 0.007304260221181025 0.01980084784060703
4 0.47486379864175715 0.4493076911697699 0.0035556430013885887 0.010702610162987583
4 0.5017140829754587 0.4492989821378773 0.003410148744151158 0.010704333877895352
4 0.4525009860934564 0.4493149415397417 0.0036889526875521737 0.010701175202760283
4 0.5456950989022126 0.4838614135581906 0.0036804065367505956 0.010509985645447367
4 0.3168250875994859 0.43680299104168396 0.005553913637903527 0.013295822369338357
4 0.33030310460254997 0.4416306790007072 0.005055338601089474 0.012290782289338817
4 0.3038532364138101 0.43215641110142333 0.006047508916035973 0.014267913396283471
