3 0.49999869466944846 0.5223565239432802 0.06274305765291274 0.08243267489316025
3 0.5160022048780922 0.4927446423713936 0.07463054660517358 0.07815597694843243
3 0.7445766097091675 0.5074016652380365 0.06439996391058003 0.024106280708278405
3 0.4261892258305428 0.5104435240160111 0.04087016190749935 0.029738812710168455
1 0.11320038818089045 0.508584580149001 0.031021417087230586 0.02549245271234042
3 0.41669506937066525 0.5237880249254718 0.06977633495998603 0.05215380976810063
3 0.6740783844769802 0.508722752536928 0.05789445723224262 0.02099685452785394
4 0.3764899878529003 0.4052696740861224 0.0071854927028724095 0.01900051545807789
4 0.32994494862261575 0.40529443130207404 0.007664010671249528 0.01899521208527484
4 0.41529642023076974 0.4052490176694333 0.006786332328370293 0.01900494048055838
4 0.25495369021737946 0.4654936803451693 0.008414138786937038 0.018252957628080917
4 0.5617227599409245 0.42620050545318455 0.005062009320685661 0.014558057831402493
4 0.5674420206371158 0.41940915261788014 0.005589112154668925 0.015988870809878222
4 0.5576585430217762 0.43102638404934973 0.0046927024842831596 0.013547526798995714
4 0.5779412661024979 0.46527545413253524 0.006716596663273435 0.018376382726157298
4 0.32550297358754676 0.43531093937390514 0.005222036757666828 0.012654700670595957
4 0.3377772013770863 0.4397164015421467 0.004777023917899683 0.011740865653333116
4 0.3137699960383463 0.43109957710279956 0.005658642008836772 0.01353228290834456
