3 0.4999841538100327 0.5214049569405506 0.06314464831454188 0.08291774566059985
3 0.4998427376016315 0.49170403394351886 0.04975852247446461 0.07958525315007763
3 0.4474122061448915 0.5106362523178594 0.02791801186030213 0.031966268353406144
3 0.41138782823956904 0.5243532509131448 0.0754012176731117 0.055747024191142504
3 0.658003671437196 0.5065214445808148 0.051910962899890334 0.019023377035913426
4 0.39232727495088054 0.41596511437227485 0.006128038954528634 0.016461745776082636
4 0.3517450343186003 0.41598376475112614 0.006494216776400989 0.01645776425776385
4 0.42616017585639077 0.415949554117268 0.005822625643288859 0.016465067646278725
4 0.2862869390955488 0.4684559333186886 0.007068589357762853 0.01588339572511084
4 0.5554059323928642 0.43235428681983024 0.004501042908923409 0.013018562027841369
4 0.55996182396007 0.4269310347319586 0.0049138413153734465 0.0141513611776422
4 0.552114668276992 0.43627202542946547 0.004206276935365096 0.0122042991823713
4 0.5679157151841043 0.46829107046389784 0.00576549467252903 0.015976767141781825
4 0.3413067297963303 0.43979499800753635 0.004655257466290408 0.01147485066786885
4 0.3316558071654058 0.4363309040259179 0.005002070978954975 0.012191930921303728
