3 0.5000281007570611 0.5243512414883823 0.06213679472648408 0.0815871492618418
3 0.5861091655318731 0.4935419314336974 0.125894484538693 0.07840604577213478
3 0.7644762356992133 0.509888322386976 0.07262743920188143 0.02691350575276118
3 0.3544839867704168 0.5111731947140679 0.05463711864769195 0.028131814937650004
1 0.14084371454843836 0.511331056076182 0.03413571658620478 0.028701012621005287
3 0.419156593626031 0.524146603328398 0.06420056863216743 0.04988471021279688
3 0.693336248569421 0.5113542690909028 0.06522317749592205 0.023368368288975698
4 0.35577095266301023 0.3911233448023308 0.008628085089159044 0.02236864500327575
4 0.30142143947013855 0.3911575086180531 0.009275346747887915 0.022361190948517306
4 0.4010883756625346 0.3910948375778401 0.008088069062285186 0.022374865054837302
4 0.21397063556187512 0.4614760379937974 0.010289346754359415 0.02136883075438495
4 0.5694823690478151 0.4186161363280949 0.0057621227883298334 0.01645926935619291
4 0.5768267170611867 0.409917251733527 0.0064532411071144226 0.01831112285513806
4 0.5643679373585949 0.42467353877361835 0.005289195708530414 0.015179546409720027
4 0.5911082826203014 0.4611782025375275 0.008001644800388874 0.021538883622335164
4 0.47374396388585294 0.44377298097785484 0.0037178618078980465 0.011197180443266083
4 0.5017832794719296 0.4437639343142296 0.0035613873573252164 0.011199051763594335
4 0.4503913600686967 0.44378051207840147 0.003861261660697579 0.011195622630866164
4 0.5476999834473777 0.47986141185998654 0.0038510717420714258 0.010980309247138963
4 0.30670533186866006 0.429968627478696 0.005919006659409903 0.014067431143160197
4 0.3216480831555397 0.4353313760125641 0.0053578673871678365 0.012947414942545189
4 0.29220926531113606 0.4247659356262842 0.006480239846756426 0.015160049336851718
4 0.3426266963067059 0.4794688730598305 0.004633013008296629 0.011199983944504482
