3 0.5000121247819108 0.5241228707670028 0.06194925994785486 0.08139454252663986
3 0.5032185967489619 0.4949437895352549 0.054461363249981215 0.07886889185615928
3 0.7490368886462377 0.5086642885397074 0.06141956424904947 0.022856531045370238
3 0.4434428515251165 0.513029430771637 0.02968484198298995 0.031149833515791082
3 0.41483311888420504 0.5259601919543815 0.07174260596711242 0.053432542678912016
3 0.665484846859022 0.5099215997813705 0.05465216771350171 0.019940655436494505
4 0.3852290076599713 0.41358731783325237 0.006583985566457357 0.01758667914769783
4 0.3419688352397373 0.4136089313941474 0.006993444933991384 0.017582073498114283
4 0.42129569553179436 0.4135692850215477 0.006242449955157596 0.01759052184654725
4 0.27213494004406913 0.46953827911752427 0.007639466396232777 0.016948686933093694
4 0.5583041370162324 0.4319402542080339 0.004750320078664174 0.013712683218618528
4 0.5633734498746088 0.4259203339891321 0.005212175260586065 0.01497525563895825
4 0.5546693799175153 0.43625645943123903 0.004423317382730261 0.012812322483563131
4 0.5724631655300136 0.46934968138505345 0.0061834981194405 0.0170554544780389
4 0.3340587678447976 0.440116458459867 0.004899305660089084 0.012010584435416926
4 0.34520217064325165 0.4441113298909661 0.004503822761044276 0.011184271517396666
4 0.3234778389084629 0.4363230993860985 0.0052838908007506544 0.012798453384910051
