3 0.5022038383267643 0.5297406678839188 0.08139008547830812 0.10773076026539931
2 0.3986651009216973 0.5068621677133472 0.030604699654177735 0.022216096489585578
3 0.809800558564202 0.4887916697539227 0.2118116995354562 0.10628784590941877
3 0.8501881963894167 0.5112638352568649 0.10252960485968003 0.0359141225486285
3 0.12362605721659822 0.5117015964871993 0.0902400714752443 0.03559853619976299
1 0.039138901861086935 0.5137987568135073 0.05107345165719789 0.03968763485282665
3 0.38946140084717407 0.5223206406395945 0.06329658943096163 0.052372960070987726
1 0.43488278994414636 0.5075125352763677 0.011200041760786802 0.01941226236114678
3 0.7560499074909992 0.5132101018275305 0.09049452392100633 0.031159561198869028
4 0.26957540657088264 0.3240900054612056 0.01547758752856982 0.037019919376212344
4 0.1828133308538725 0.324177624876615 0.017145028596817012 0.036999597847922325
4 0.3419438605397113 0.32401686830737264 0.014085472492443287 0.03703688334109098
4 0.044782052932821434 0.4367117025843453 0.019689316087491218 0.034455427315895404
4 0.5964182487069604 0.3851244537116037 0.008344508617603736 0.023247543966108283
4 0.6112360914164593 0.36762456616782896 0.00985608898412778 0.02711214643676873
4 0.5868070421959534 0.39647420628545904 0.007395023532266834 0.020777326047620857
4 0.645682107000444 0.43594823935040655 0.013881684292043844 0.034899461372691336
4 0.46747527563879826 0.4284164495903154 0.004655705842274003 0.013978347896681575
4 0.5022097838704255 0.4284024462744632 0.0044149313312901485 0.013981264160827418
4 0.4385514694169377 0.4284281062063448 0.004878094999040457 0.013975920386208145
4 0.559105267008809 0.4731088118961698 0.004865065103921964 0.013644926249334806
4 0.2455848742774109 0.40588552550504664 0.008436627557742184 0.018750763246515874
4 0.2708252042448012 0.41496592193624526 0.007370492646487286 0.016813890816674094
4 0.21989765035054373 0.3966435553539423 0.009573970571088282 0.020740843793471034
4 0.3040719915310098 0.47250211417468524 0.0060888023614357675 0.013985770446744539
