3 0.5099574731671123 0.5375385988627525 0.0914134023600414 0.11798395074812808
2 0.39133488021968715 0.5119800776293465 0.033722819938925994 0.023911469717325436
3 0.8932993506230912 0.5175139004820475 0.11860132602337899 0.040502869843574464
3 0.3424758337836699 0.526010722598062 0.08437626777195419 0.05091557784967212
1 0.430366303998321 0.5126147856741113 0.012207171946028694 0.020798757876036782
3 0.40468789761907714 0.5112694159327105 0.02416066629094921 0.018813552133695642
3 0.7876108941326189 0.5196958776642681 0.10393881445592626 0.0351377302871011
3 0.43775326067699566 0.505155541810495 0.025159328387692668 0.031930270279738125
4 0.21232587778596304 0.285672251663285 0.020691972828041506 0.04712370092592801
4 0.10406408275128247 0.2858074466739872 0.023284708473256702 0.04709106003256617
4 0.302647482358032 0.2855593765163287 0.01852638046782605 0.04715095598206498
4 0.6107030729538391 0.3729911706745372 0.009785662856923451 0.02688520062630971
4 0.6307268977708521 0.34942543853344593 0.011913734533930907 0.032184941663222257
4 0.5982009308970124 0.3877029634328294 0.008510436636490794 0.02363754523796421
4 0.6823757034871741 0.425101103174878 0.01827129539069915 0.044011561955494945
4 0.46466195125972026 0.4268738923623802 0.005080717083741177 0.015218955859889813
4 0.5023962787835005 0.4268576220767397 0.0047976723606487325 0.015222394475633318
4 0.43324241164344046 0.42688743550752967 0.005342801666764743 0.015216093643149358
4 0.5642618966692104 0.4754001790124729 0.005333107371023616 0.01484789409759505
4 0.21564174737778635 0.39957505323874126 0.00976714502835371 0.021050806836707257
4 0.24679656828830873 0.41076407785315555 0.008384226580423154 0.01864094982880663
4 0.1831824045894209 0.3879162942482854 0.0112904918261885 0.023590674878798363
4 0.2864970193848329 0.4746844748106405 0.006785019880794892 0.015252499566670394
