3 0.5000633341625621 0.5233993988139497 0.0700026752495993 0.09198315650701612
3 0.5002644996982462 0.4925106304755068 0.05292711892645677 0.08444629607710084
3 0.44805118194602706 0.5119439267159711 0.034105717869364297 0.03361419833565776
3 0.390911587417264 0.5317143269620414 0.09815973366745624 0.06978756498463497
4 0.4075733517804509 0.42791412362722336 0.005143328209125712 0.0140483518234871
4 0.3727131951143913 0.42792859098710795 0.0054127107514407415 0.014045292564505823
4 0.4366346620110052 0.42790205424934363 0.004918664935595629 0.014050904021708515
4 0.31637301742738977 0.47298386188357816 0.005837277483916274 0.013619366240488186
4 0.5490416919204623 0.44035293019476324 0.003937540351386773 0.011461055250898654
4 0.5525603171496021 0.4361558084660993 0.004250474029497155 0.012330272336705642
4 0.5464569860866922 0.4434359687885291 0.0037097720018235947 0.010825052856922354
4 0.5583836970348933 0.47286074321150723 0.004875051464512339 0.013689010866274885
