3 0.5001410151231203 0.5307667225480543 0.06435492089126583 0.08457752674479299
3 0.5002844959481518 0.49946826568301333 0.046669815057115045 0.07442585679132899
3 0.45125132537718166 0.5185914458269137 0.031657070263224514 0.03145855162974404
3 0.4001703895442547 0.5365304187791278 0.08773356224529415 0.06343632641195208
4 0.41636677017350865 0.4421093842355011 0.004601296525554161 0.012647937488067005
4 0.38481570877291743 0.4421214460318355 0.004825011080155477 0.012645423099590781
4 0.4426686014048933 0.44209932217080466 0.004414731571918153 0.012650035033406653
4 0.3336138990834748 0.4828703212122852 0.005184435504280529 0.012317768186294605
4 0.5451632344566341 0.4524325147454429 0.0036057101587857686 0.010511240613803732
4 0.5481224852756533 0.44890926942152115 0.003866596530289499 0.011237934316243732
4 0.5528958776554675 0.48276929229954646 0.004381647730463598 0.01237493499948414
