3 0.5000409365087838 0.5273621433326579 0.06427732028825957 0.08447571343465948
3 0.6403647618471945 0.4951260923580232 0.14375558980194647 0.0825732570040042
3 0.7846264123936589 0.513140127690302 0.079343731560663 0.02902050705253212
3 0.2976296932533982 0.5138302922053277 0.06270935957562081 0.02959217044603103
1 0.13652310624645206 0.5148056926116837 0.03789224974720082 0.03231898589076688
3 0.41543090173746416 0.5272279924618511 0.06429971407407081 0.05160808855943932
3 0.7080813936911818 0.5147157906961771 0.07100427432773969 0.025198616451491775
4 0.3384748687865748 0.38060677751487176 0.009915037944028952 0.025202264416585744
4 0.2776178072446527 0.38064945978692144 0.01073445123039491 0.02519282652253196
4 0.3892218336439635 0.38057115975843103 0.00923130227645146 0.025210140488981098
4 0.17968530581163442 0.45939478527361627 0.012023014910374599 0.023982071712129124
4 0.5755197520878891 0.41403235412914435 0.006328927373554905 0.017946097494909878
4 0.5842883422370991 0.4036716226622362 0.0071703349062649125 0.02016940099322582
4 0.5695094744014442 0.421133540788223 0.005763937473530021 0.016435689506635875
4 0.6021236612302093 0.45902258811907926 0.009131985483370287 0.02419633485403286
4 0.4722091811886981 0.4429358493044998 0.003946633727443043 0.01186665024113656
4 0.5018859541312695 0.44292576599630723 0.003770093471052931 0.011868747991220422
4 0.44749389300858594 0.44294424321923825 0.004108816779825517 0.01186490396661469
4 0.5505050380771997 0.48112200073269795 0.0040994076081766195 0.011631828221035315
4 0.29242983062950945 0.4272660068302889 0.006490413399340653 0.015140041338039652
4 0.3095574017086549 0.43340753360746154 0.005826526933475691 0.013850733076218945
4 0.27562734056658206 0.42124071424263404 0.007164459575607225 0.01641289290671461
4 0.3331706644025422 0.48068274812802164 0.004985588680426929 0.011878660327299144
