3 0.5000316252977001 0.5204861217965537 0.06719461973109418 0.08812625907547508
3 0.5001964215778624 0.48888349922128344 0.05173165060767637 0.08253671965837431
3 0.449432902274187 0.5081613468597578 0.032306294609941374 0.032550647630321144
3 0.40433965984322123 0.5238316258008202 0.0831133377778049 0.060514463770551474
4 0.4036653548003828 0.42174463834884157 0.005405002411293793 0.014675660345646406
4 0.36733775595504364 0.42176052983800255 0.00570263009371402 0.014672358764291857
4 0.43395035278157496 0.4217313808307618 0.005156777480963441 0.014678414759496074
4 0.3087409539719805 0.468731604081637 0.006167750093468669 0.014197764847764157
4 0.5507120129638842 0.4351747584418727 0.004089622844023921 0.011875573392496695
4 0.5544884722710013 0.4306653776335796 0.004427971944471949 0.012811166288464572
4 0.5479499916333053 0.4384727346712174 0.003844611837652039 0.011194219103940384
4 0.5608034673099511 0.46859549643894827 0.005106550527721865 0.014273221692829546
4 0.3452852916938265 0.4385269371034877 0.004527585815672452 0.011183237739545765
