3 0.500470514186322 0.5174731605357453 0.061009371375472625 0.08020166993169084
3 0.5002118737198045 0.49056929403225885 0.04279601224207063 0.06830536149099345
3 0.45253089197281793 0.50831324336483 0.030672720995005634 0.030568349809610804
3 0.4053783866801618 0.5239777509470036 0.08196777251491788 0.0598166125935082
4 0.42218107595554777 0.43666663826227664 0.004242457344270747 0.011764242061515896
4 0.3928196523129662 0.43667750679067296 0.004435852493400105 0.011762050614650453
4 0.44665701773262984 0.436657572052837 0.004081183924145435 0.011766070152164427
4 0.34532773077988815 0.4746189866580543 0.004740223732532769 0.011450224508821426
4 0.5451260517007186 0.4426269965042377 0.00360684914761606 0.010534838106610872
4 0.5491646368712236 0.474528206876016 0.0040463796829612875 0.011499714148150417
