3 0.49938112854528055 0.530214087646277 0.07496193438179652 0.0988047014543748
2 0.40477945110397634 0.5101153197895126 0.028084425275313123 0.020812591944843556
3 0.7155537525324422 0.49379952882252687 0.17356044962830822 0.09336482958850127
3 0.8170026536783308 0.5138390816292046 0.09051113712411521 0.032418421812714655
3 0.21750931081718894 0.5141555471207159 0.07536278364936948 0.032109954607384264
1 0.08927492932253323 0.5159348016923421 0.043733101525541704 0.03534664062813429
3 0.40405879998243377 0.5276632119468795 0.059423556799276585 0.0550089014970276
1 0.4386643215865429 0.5107531989271429 0.010373614097387147 0.018265376944462255
3 0.7317699193916982 0.5155961337658825 0.08047374843824016 0.028139984613027403
4 0.30714391862184826 0.3564258718525657 0.012333202248172342 0.030470498811781398
4 0.23450497627455086 0.35648632630799415 0.013496893577155404 0.03045681368625196
4 0.3677227400268239 0.3563754171216048 0.01136196176614682 0.030481920866780428
4 0.11801735210832351 0.45054980622330293 0.01531227951282494 0.028731424586721347
4 0.5855895350903838 0.4016809634240071 0.007282868874975179 0.020472372781515324
4 0.5970524821416672 0.3881527369847982 0.008414737694232883 0.023414605577154173
4 0.5779382465290946 0.4107101285034748 0.00654659979607068 0.01853075030444534
4 0.621981592979453 0.450019945516338 0.01122718220320408 0.029038876429205232
4 0.46981593740619476 0.4372671173273693 0.004301821610061083 0.012922606962456768
4 0.5020414940721057 0.4372553180092623 0.004094913056889098 0.012925078414972214
4 0.44297956952324036 0.437276939443932 0.004492432024069757 0.012920549662991998
4 0.5548444091894897 0.47872708796846114 0.004482422994217714 0.012646084988831206
4 0.26935288547545927 0.4183530292436025 0.007418518779929784 0.016900939373607524
4 0.29029796641179556 0.42587000849574524 0.0065720286863734855 0.015310503731290054
4 0.24843045803663322 0.4108436626114701 0.008298968820122462 0.01850202496416145
4 0.31847895884848065 0.4782071597453275 0.005528538939303722 0.01293848967530702
